Clem Blazewski 62e1d278-e742-4205-811b-521bd8a8e27b 2.0 2.3 9.5 3.9 2.3 18.2 8.8 19.2
Drake Januszewicz 8b357e9a-27a6-4a8f-85f5-a9bc45a2ab77 3.2 0.6 8.1 11.5 14.6 6.6 22.8 17.5
Billye Duddy 79be4175-2325-41f4-b7e3-e12f180defad 3.61 4.1 1.2 14.4 5.3 24.9 6.1 26.9
Carlotta Bolduc 3565d9ae-14ab-470a-9143-bf8356f42bbe 2.01 3.3 14.4 3.8 8.6 15.0 19.2 8.1
Oswell Chooter c7ed7655-0c4c-4745-9473-66f149c6c754 2.15 4.3 0.2 11.4 11.6 24.7 18.4 23.6
Burr Shillitto 8a771d77-5a11-407c-9d08-9d1c0ec10647 2.44 2.3 10.7 3.7 7.2 15.4 14.5 10.4
Skippy Deesly a86b2554-c880-48d8-8942-3aa7510bf63b 2.77 0.9 2.6 1.4 2.7 8.7 21.7 28.4
Ronny Benasik 8cc44d0b-80c4-4533-bdd6-0a490e938c23 2.55 2.9 7.2 5.1 9.9 11.9 18.7 26.6
Dale Dudin 3724e220-cb1e-4b42-94a4-0406829b0edd 2.31 4.3 2.9 6.6 9.2 19.6 10.7 4.8
Timi Ramsier dbabf102-af38-4c10-9aab-bed647dc82c6 3.11 1.2 9.8 15.0 5.4 20.9 18.5 29.3
Osbert Fernez 5a6dddc4-060a-4de6-8a75-b0fd11c9b268 2.25 4.1 14.2 5.9 9.3 6.3 20.3 0.9
Forrester Lydiatt ff33b77b-4684-4df5-8bc5-a1b18047de45 2.96 4.1 2.8 11.6 10.3 5.4 12.8 5.0
Eva Tilt 436e5eb7-e95e-4bb2-ba17-31deaa843ec1 3.13 3.0 1.7 6.6 3.2 11.5 23.6 16.3
Danni Crackel 6ba27f38-1200-41d4-a75e-5bd1259aa617 3.44 0.3 4.4 8.3 8.9 22.0 14.2 10.5
Hershel Clitherow cdf86c06-bfdd-43be-907c-f80af4e4f58e 2.61 1.6 8.8 5.5 4.7 10.5 16.1 2.9